[app/ui]
version = 9.0.2
modtime = 1670423361.483998000

[app/launcher]
version = 9.0.2
modtime = 1670423361.485441000
