[app/ui]
version = 9.0.2
modtime = 1670426498.677602000

[app/launcher]
version = 9.0.2
modtime = 1670426498.679571000

[app/install/install_source_checksum]
version = 9.0.2
modtime = 1670426382.026264000

[app/package/check_for_updates]
version = 9.0.2
modtime = 1670426498.680571000
