[app/ui]
version = 9.0.2
modtime = 1670426796.775240000

[app/launcher]
version = 9.0.2
modtime = 1670426796.777011000

[app/install/install_source_checksum]
version = 9.0.2
modtime = 1670426747.884335000

[app/package/check_for_updates]
version = 9.0.2
modtime = 1670426796.777657000
